
Y: ENCODING 89

000000000000001110000111000000
000000000000000110000110000000
000000000000000011001100000000
000000000000000011101100000000
000000000000000001111000000000
000000000000000001111000000000
000000000000000000110000000000
000000000000000000110000000000
000000000000000000110000000000
000000000000000000110000000000
000000000000000000110000000000

E1C0
6180
3300
3B00
1E00
1E00
0C00
0C00
0C00
0C00
0C00

000000000000001110000111000000
000000000000000110000110000000
000000000000000011001100000000
000000000000000011111100000000
000000000000000001111000000000
000000000000000001111000000000
000000000000000000110000000000
000000000000000000110000000000
000000000000000000110000000000
000000000000000000110000000000
000000000000000000110000000000

E1C0
6180
3300
3F00
1E00
1E00
0C00
0C00
0C00
0C00
0C00

x: ENCODING 120

000000000000000000000011001110
000000000000000000000011101100
000000000000000000000001111000
000000000000000000000000111000
000000000000000000000000111000
000000000000000000000001111000
000000000000000000000011001100
000000000000000000000011001110

CE
EC
78
38
38
78
CC
CE

000000000000000000000011000110
000000000000000000000011101110
000000000000000000000001111100
000000000000000000000000111000
000000000000000000000000111000
000000000000000000000001111100
000000000000000000000011101110
000000000000000000000011000110

C6
EE
7C
38
38
7C
EE
C6

t: ENCODING 116

000000000000000000000000110000
000000000000000000000000110000
000000000000000000000011111000
000000000000000000000011111000
000000000000000000000000110000
000000000000000000000000110000
000000000000000000000000110000
000000000000000000000000110000
000000000000000000000000111000
000000000000000000000000111000

30
30
F8
F8
30
30
30
30
38
38

000000000000000000000000110000
000000000000000000000000110000
000000000000000000000001111100
000000000000000000000001111100
000000000000000000000000110000
000000000000000000000000110000
000000000000000000000000110000
000000000000000000000000110000
000000000000000000000000111000
000000000000000000000000111000

30
30
7C
7C
30
30
30
30
38
38

f: ENCODING 102

000000000000000000000000011000
000000000000000000000000111000
000000000000000000000001110000
000000000000000000000001110000
000000000000000000000011111000
000000000000000000000011111000
000000000000000000000001110000
000000000000000000000001110000
000000000000000000000001110000
000000000000000000000001110000
000000000000000000000001110000
000000000000000000000001110000

18
38
70
70
F8
F8
70
70
70
70
70
70

000000000000000000000000011000
000000000000000000000000111000
000000000000000000000001100000
000000000000000000000001100000
000000000000000000000011111000
000000000000000000000011111000
000000000000000000000001100000
000000000000000000000001100000
000000000000000000000001100000
000000000000000000000001100000
000000000000000000000001100000
000000000000000000000001100000

18
38
60
60
F8
F8
60
60
60
60
60
60

1: ENCODING 49

000000000000000000000000011000
000000000000000000000000111000
000000000000000000000011111000
000000000000000000000000011000
000000000000000000000000011000
000000000000000000000000011000
000000000000000000000000011000
000000000000000000000000011000
000000000000000000000000011000
000000000000000000000000011000

18
38
F8
18
18
18
18
18
18
18

000000000000000000000000011000
000000000000000000000000111000
000000000000000000000001111000
000000000000000000000011011000
000000000000000000000000011000
000000000000000000000000011000
000000000000000000000000011000
000000000000000000000000011000
000000000000000000000000011000
000000000000000000000000011000

18
38
78
D8
18
18
18
18
18
18

+: ENCODING 43

000000000000000000000000010000
000000000000000000000000010000
000000000000000000000000010000
000000000000000000000011111110
000000000000000000000011111110
000000000000000000000000010000
000000000000000000000000010000

10
10
10
FE
FE
10
10

000000000000000000000000000000
000000000000000000000000011000
000000000000000000000000011000
000000000000000000000001111110
000000000000000000000001111110
000000000000000000000000011000
000000000000000000000000011000

00
18
18
7E
7E
18
18

%: ENCODING 37

000000000000000111000011000000
000000000000001101100110000000
000000000000001001101100000000
000000000000001101101000000000
000000000000000111011000000000
000000000000000000110111000000
000000000000000000100111100000
000000000000000001101100100000
000000000000000011000101100000
000000000000000010000111000000

70C0
D980
9B00
DA00
7600
0DC0
09E0
1B20
3160
21C0

000000000000000111000011000000
000000000000001101100110000000
000000000000001001101100000000
000000000000001101101000000000
000000000000000111011000000000
000000000000000000110111000000
000000000000000000101101100000
000000000000000001101100100000
000000000000000011001101100000
000000000000000010000111000000

70C0
D980
9B00
DA00
7600
0DC0
0B60
1B20
3360
21C0

#: ENCODING 35

000000000000000001100100000000
000000000000000001001100000000
000000000000001111111111000000
000000000000000011001000000000
000000000000000011001000000000
000000000000000010011000000000
000000000000001111111110000000
000000000000000110011000000000
000000000000000110010000000000
000000000000000110010000000000

1900
1300
FFC0
3200
3200
2600
FF80
6600
6400
6400

000000000000000001100110000000
000000000000000001000100000000
000000000000001111111111000000
000000000000000011001100000000
000000000000000011001100000000
000000000000000010001000000000
000000000000001111111110000000
000000000000000110011000000000
000000000000000110011000000000
000000000000000110011000000000

1980
1100
FFC0
3300
3300
2200
FF80
6600
6600
6600

": ENCODING 34

000000000000000000000011010000
000000000000000000000011111000
000000000000000000000010010000
000000000000000000000010010000

D0
F8
90
90

000000000000000000000011011000
000000000000000000000011011000
000000000000000000000010010000
000000000000000000000010010000

D8
D8
90
90

!: ENCODING 33

000000000000000000000011100000
000000000000000000000011100000
000000000000000000000011100000
000000000000000000000001100000
000000000000000000000001000000
000000000000000000000001000000
000000000000000000000001000000
000000000000000000000001000000
000000000000000000000000000000
000000000000000000000011100000
000000000000000000000001100000

E0
E0
E0
60
40
40
40
40
00
E0
60

000000000000000000000001100000
000000000000000000000001100000
000000000000000000000001100000
000000000000000000000001100000
000000000000000000000001100000
000000000000000000000001100000
000000000000000000000001100000
000000000000000000000001100000
000000000000000000000000000000
000000000000000000000001100000
000000000000000000000001100000

60
60
60
60
60
60
60
60
00
60
60
