__
000000000000000000000011111110
_^
000000000000000000000001100000
000000000000000000000001100000
000000000000000000000001010000
000000000000000000000010010000
000000000000000000000010001000
_]
000000000000000000000011000000
000000000000000000000001000000
000000000000000000000001000000
000000000000000000000001000000
000000000000000000000001000000
000000000000000000000001000000
000000000000000000000001000000
000000000000000000000001000000
000000000000000000000001000000
000000000000000000000001000000
000000000000000000000001000000
000000000000000000000011000000
_\
000000000000000000000010000000
000000000000000000000001000000
000000000000000000000001000000
000000000000000000000000100000
000000000000000000000000100000
000000000000000000000000010000
000000000000000000000000010000
000000000000000000000000001000
000000000000000000000000001000
_[
000000000000000000000011100000
000000000000000000000010000000
000000000000000000000010000000
000000000000000000000010000000
000000000000000000000010000000
000000000000000000000010000000
000000000000000000000010000000
000000000000000000000010000000
000000000000000000000010000000
000000000000000000000010000000
000000000000000000000010000000
000000000000000000000011100000
_Z
000000000000000000000011111100
000000000000000000000000000100
000000000000000000000000001000
000000000000000000000000010000
000000000000000000000000110000
000000000000000000000001100000
000000000000000000000001000000
000000000000000000000010000000
000000000000000000000011111100
_Y
000000000000000000000011000010
000000000000000000000001000110
000000000000000000000000100100
000000000000000000000000111000
000000000000000000000000011000
000000000000000000000000010000
000000000000000000000000010000
000000000000000000000000010000
000000000000000000000000010000
_X
000000000000000000000011000010
000000000000000000000001100110
000000000000000000000000100100
000000000000000000000000111000
000000000000000000000000011000
000000000000000000000000111000
000000000000000000000000101100
000000000000000000000001100110
000000000000000000000011000010
_W
000000000000001100011000010000
000000000000000100011000010000
000000000000000100010100110000
000000000000000100010100100000
000000000000000110100100100000
000000000000000010100110100000
000000000000000010100011100000
000000000000000011000011000000
000000000000000001000011000000
_V
000000000000000000000011000001
000000000000000000000001000011
000000000000000000000001000010
000000000000000000000001100010
000000000000000000000000100100
000000000000000000000000100100
000000000000000000000000011100
000000000000000000000000011000
000000000000000000000000011000
_U
000000000000000000000010000100
000000000000000000000010000100
000000000000000000000010000100
000000000000000000000010000100
000000000000000000000010000100
000000000000000000000010000100
000000000000000000000010000100
000000000000000000000011001100
000000000000000000000001111000
_T
000000000000000000000011111110
000000000000000000000000010000
000000000000000000000000010000
000000000000000000000000010000
000000000000000000000000010000
000000000000000000000000010000
000000000000000000000000010000
000000000000000000000000010000
000000000000000000000000010000
_S
000000000000000000000000111100
000000000000000000000001100110
000000000000000000000001000000
000000000000000000000001100000
000000000000000000000000111100
000000000000000000000000000110
000000000000000000000011000010
000000000000000000000001000110
000000000000000000000000111100
_R
000000000000000000000011111000
000000000000000000000010001100
000000000000000000000010000100
000000000000000000000010000100
000000000000000000000011111000
000000000000000000000010010000
000000000000000000000010011000
000000000000000000000010001000
000000000000000000000010001100
_Q
000000000000000000000000111100
000000000000000000000001000010
000000000000000000000010000001
000000000000000000000010000001
000000000000000000000010000001
000000000000000000000010001001
000000000000000000000010000101
000000000000000000000001000010
000000000000000000000000111111
000000000000000000000000000001
_P
000000000000000000000011111000
000000000000000000000010001100
000000000000000000000010000100
000000000000000000000010001100
000000000000000000000011111000
000000000000000000000010000000
000000000000000000000010000000
000000000000000000000010000000
000000000000000000000010000000
_O
000000000000000000000000111100
000000000000000000000001000010
000000000000000000000010000001
000000000000000000000010000001
000000000000000000000010000001
000000000000000000000010000001
000000000000000000000010000001
000000000000000000000001000010
000000000000000000000000111100
_N
000000000000000000000011000010
000000000000000000000011100010
000000000000000000000010100010
000000000000000000000010010010
000000000000000000000010011010
000000000000000000000010001010
000000000000000000000010001110
000000000000000000000010000110
000000000000000000000010000010
_M
000000000000001100000011000000
000000000000001100000111000000
000000000000001010000111000000
000000000000001010000111000000
000000000000001011001011000000
000000000000001001001011000000
000000000000001001111011000000
000000000000001000110011000000
000000000000001000110011000000
_L
000000000000000000000010000000
000000000000000000000010000000
000000000000000000000010000000
000000000000000000000010000000
000000000000000000000010000000
000000000000000000000010000000
000000000000000000000010000000
000000000000000000000010000000
000000000000000000000011111100
_K
000000000000000000000010000110
000000000000000000000010001100
000000000000000000000010011000
000000000000000000000010110000
000000000000000000000011110000
000000000000000000000011011000
000000000000000000000010001000
000000000000000000000010000100
000000000000000000000010000110
_J
000000000000000000000000001100
000000000000000000000000001100
000000000000000000000000001100
000000000000000000000000001100
000000000000000000000000001100
000000000000000000000000001100
000000000000000000000010001100
000000000000000000000011001000
000000000000000000000001111000
_I
000000000000000000000010000000
000000000000000000000010000000
000000000000000000000010000000
000000000000000000000010000000
000000000000000000000010000000
000000000000000000000010000000
000000000000000000000010000000
000000000000000000000010000000
000000000000000000000010000000
_H
000000000000000000000010000010
000000000000000000000010000010
000000000000000000000010000010
000000000000000000000010000010
000000000000000000000011111110
000000000000000000000010000010
000000000000000000000010000010
000000000000000000000010000010
000000000000000000000010000010
_G
000000000000000000000000111100
000000000000000000000001000110
000000000000000000000010000011
000000000000000000000010000000
000000000000000000000010000000
000000000000000000000010001111
000000000000000000000010000001
000000000000000000000011000011
000000000000000000000000111101
_F
000000000000000000000011111100
000000000000000000000010000000
000000000000000000000010000000
000000000000000000000010000000
000000000000000000000011111000
000000000000000000000010000000
000000000000000000000010000000
000000000000000000000010000000
000000000000000000000010000000
_E
000000000000000000000011111100
000000000000000000000010000000
000000000000000000000010000000
000000000000000000000010000000
000000000000000000000011111000
000000000000000000000010000000
000000000000000000000010000000
000000000000000000000010000000
000000000000000000000011111100
_D
000000000000000000000011111000
000000000000000000000010000100
000000000000000000000010000010
000000000000000000000010000010
000000000000000000000010000010
000000000000000000000010000010
000000000000000000000010000010
000000000000000000000010000100
000000000000000000000011111000
_C
000000000000000000000000111100
000000000000000000000001000010
000000000000000000000010000011
000000000000000000000010000000
000000000000000000000010000000
000000000000000000000010000000
000000000000000000000010000011
000000000000000000000001000010
000000000000000000000000111100
_B
000000000000000000000011111000
000000000000000000000010001100
000000000000000000000010001100
000000000000000000000010001000
000000000000000000000011111000
000000000000000000000010001100
000000000000000000000010000100
000000000000000000000010001100
000000000000000000000011111000
_A
000000000000000000000000011000
000000000000000000000000011100
000000000000000000000000010100
000000000000000000000000100100
000000000000000000000000100010
000000000000000000000001111110
000000000000000000000001000011
000000000000000000000001000001
000000000000000000000011000001
_@
000000000000000011111000000000
000000000000000100000100000000
000000000000001001101010000000
000000000000001010011010000000
000000000000001010010010000000
000000000000001010010110000000
000000000000001011111100000000
000000000000001100000000000000
000000000000000110001100000000
000000000000000001110000000000
_~
000000000000000000000011100000
000000000000000000000000111000
_}
000000000000000000000011000000
000000000000000000000001000000
000000000000000000000001000000
000000000000000000000001000000
000000000000000000000001000000
000000000000000000000000100000
000000000000000000000000010000
000000000000000000000001100000
000000000000000000000001000000
000000000000000000000001000000
000000000000000000000001000000
000000000000000000000011000000
_|
000000000000000000000010000000
000000000000000000000010000000
000000000000000000000010000000
000000000000000000000010000000
000000000000000000000010000000
000000000000000000000010000000
000000000000000000000010000000
000000000000000000000010000000
000000000000000000000010000000
000000000000000000000010000000
000000000000000000000010000000
000000000000000000000010000000
_{
000000000000000000000000100000
000000000000000000000001000000
000000000000000000000001000000
000000000000000000000001000000
000000000000000000000001000000
000000000000000000000001000000
000000000000000000000010000000
000000000000000000000001000000
000000000000000000000001000000
000000000000000000000001000000
000000000000000000000001000000
000000000000000000000000100000
_z
000000000000000000000001111000
000000000000000000000000011000
000000000000000000000000010000
000000000000000000000000100000
000000000000000000000001000000
000000000000000000000011111000
_y
000000000000000000000011000100
000000000000000000000001000100
000000000000000000000001101000
000000000000000000000000101000
000000000000000000000000110000
000000000000000000000000010000
000000000000000000000000110000
000000000000000000000000100000
000000000000000000000001100000
_x
000000000000000000000001001100
000000000000000000000001101000
000000000000000000000000110000
000000000000000000000000110000
000000000000000000000001101000
000000000000000000000011001100
_w
000000000000001100110011000000
000000000000000100110010000000
000000000000000100110010000000
000000000000000111001110000000
000000000000000011001100000000
000000000000000011001100000000
_v
000000000000000000000011000100
000000000000000000000001001100
000000000000000000000001001000
000000000000000000000000101000
000000000000000000000000110000
000000000000000000000000110000
_u
000000000000000000000010001000
000000000000000000000010001000
000000000000000000000010001000
000000000000000000000010001000
000000000000000000000010001000
000000000000000000000001111000
_t
000000000000000000000001100000
000000000000000000000001100000
000000000000000000000011110000
000000000000000000000001100000
000000000000000000000001100000
000000000000000000000001100000
000000000000000000000001100000
000000000000000000000000110000
_s
000000000000000000000001110000
000000000000000000000001001000
000000000000000000000001100000
000000000000000000000000011000
000000000000000000000011001000
000000000000000000000001110000
_r
000000000000000000000010100000
000000000000000000000011000000
000000000000000000000010000000
000000000000000000000010000000
000000000000000000000010000000
000000000000000000000010000000
_q
000000000000000000000001111000
000000000000000000000010001000
000000000000000000000010001000
000000000000000000000010001000
000000000000000000000010001000
000000000000000000000001111000
000000000000000000000000001000
000000000000000000000000001000
000000000000000000000000001000
_p
000000000000000000000010111000
000000000000000000000011001100
000000000000000000000010000100
000000000000000000000010000100
000000000000000000000011001100
000000000000000000000010111000
000000000000000000000010000000
000000000000000000000010000000
000000000000000000000010000000
_o
000000000000000000000001110000
000000000000000000000010001000
000000000000000000000010001100
000000000000000000000010001100
000000000000000000000010001000
000000000000000000000001110000
_n
000000000000000000000010110000
000000000000000000000011001000
000000000000000000000010001000
000000000000000000000010001000
000000000000000000000010001000
000000000000000000000010001000
_m
000000000000001011011100000000
000000000000001100100010000000
000000000000001000100010000000
000000000000001000100010000000
000000000000001000100010000000
000000000000001000100010000000
_l
000000000000000000000010000000
000000000000000000000010000000
000000000000000000000010000000
000000000000000000000010000000
000000000000000000000010000000
000000000000000000000010000000
000000000000000000000010000000
000000000000000000000010000000
000000000000000000000010000000
_k
000000000000000000000010000000
000000000000000000000010000000
000000000000000000000010000000
000000000000000000000010011000
000000000000000000000010110000
000000000000000000000011100000
000000000000000000000011110000
000000000000000000000010010000
000000000000000000000010001000
_j
000000000000000000000001000000
000000000000000000000001000000
000000000000000000000000000000
000000000000000000000001000000
000000000000000000000001000000
000000000000000000000001000000
000000000000000000000001000000
000000000000000000000001000000
000000000000000000000001000000
000000000000000000000001000000
000000000000000000000001000000
000000000000000000000011000000
_i
000000000000000000000010000000
000000000000000000000010000000
000000000000000000000000000000
000000000000000000000010000000
000000000000000000000010000000
000000000000000000000010000000
000000000000000000000010000000
000000000000000000000010000000
000000000000000000000010000000
_h
000000000000000000000010000000
000000000000000000000010000000
000000000000000000000010000000
000000000000000000000010110000
000000000000000000000011001000
000000000000000000000010001000
000000000000000000000010001000
000000000000000000000010001000
000000000000000000000010001000
_g
000000000000000000000001111000
000000000000000000000010001000
000000000000000000000010001000
000000000000000000000010001000
000000000000000000000010001000
000000000000000000000001111000
000000000000000000000010001000
000000000000000000000010001000
000000000000000000000001110000
_f
000000000000000000000000110000
000000000000000000000001100000
000000000000000000000001100000
000000000000000000000011110000
000000000000000000000001100000
000000000000000000000001100000
000000000000000000000001100000
000000000000000000000001100000
000000000000000000000001100000
_e
000000000000000000000001110000
000000000000000000000010001000
000000000000000000000011111000
000000000000000000000010000000
000000000000000000000010001000
000000000000000000000001110000
_d
000000000000000000000000001000
000000000000000000000000001000
000000000000000000000000001000
000000000000000000000001111000
000000000000000000000010001000
000000000000000000000010001000
000000000000000000000010001000
000000000000000000000010001000
000000000000000000000001111000
_c
000000000000000000000001110000
000000000000000000000010001000
000000000000000000000010000000
000000000000000000000010000000
000000000000000000000010001000
000000000000000000000001110000
_b
000000000000000000000010000000
000000000000000000000010000000
000000000000000000000010000000
000000000000000000000010111000
000000000000000000000011001100
000000000000000000000010000100
000000000000000000000010000100
000000000000000000000011001100
000000000000000000000010111000
_a
000000000000000000000001110000
000000000000000000000010011000
000000000000000000000000011000
000000000000000000000011101000
000000000000000000000010011000
000000000000000000000011101000
_`
000000000000000000000010000000
000000000000000000000001000000
_

_ 

_?
000000000000000000000001111000
000000000000000000000001001100
000000000000000000000011000100
000000000000000000000000001100
000000000000000000000000011000
000000000000000000000000110000
000000000000000000000000000000
000000000000000000000000000000
000000000000000000000000110000
_>
000000000000000000000010000000
000000000000000000000001100000
000000000000000000000000011000
000000000000000000000000001100
000000000000000000000000011000
000000000000000000000001100000
000000000000000000000010000000
_=
000000000000000000000011111100
000000000000000000000000000000
000000000000000000000011111100
_<
000000000000000000000000000100
000000000000000000000000011000
000000000000000000000001110000
000000000000000000000011000000
000000000000000000000001100000
000000000000000000000000011000
000000000000000000000000000100
_;
000000000000000000000011000000
000000000000000000000011000000
000000000000000000000000000000
000000000000000000000000000000
000000000000000000000000000000
000000000000000000000011000000
000000000000000000000001000000
000000000000000000000010000000
_:
000000000000000000000011000000
000000000000000000000011000000
000000000000000000000000000000
000000000000000000000000000000
000000000000000000000011000000
000000000000000000000011000000
_9
000000000000000000000001110000
000000000000000000000010001000
000000000000000000000010001000
000000000000000000000010001100
000000000000000000000010001100
000000000000000000000001111100
000000000000000000000000001000
000000000000000000000000011000
000000000000000000000011110000
_8
000000000000000000000001110000
000000000000000000000010001000
000000000000000000000010001000
000000000000000000000010001000
000000000000000000000001110000
000000000000000000000010001000
000000000000000000000010001000
000000000000000000000010001000
000000000000000000000001110000
_7
000000000000000000000011111100
000000000000000000000000001100
000000000000000000000000011000
000000000000000000000000010000
000000000000000000000000110000
000000000000000000000000100000
000000000000000000000000100000
000000000000000000000001100000
000000000000000000000001100000
_6
000000000000000000000000111100
000000000000000000000001000000
000000000000000000000010000000
000000000000000000000011111000
000000000000000000000011001100
000000000000000000000010001100
000000000000000000000010000100
000000000000000000000011001000
000000000000000000000001111000
_5
000000000000000000000000111100
000000000000000000000001100000
000000000000000000000001000000
000000000000000000000001111000
000000000000000000000001000100
000000000000000000000000000100
000000000000000000000011000100
000000000000000000000001000100
000000000000000000000000111000
_4
000000000000000000000000001100
000000000000000000000000011100
000000000000000000000000111100
000000000000000000000000101100
000000000000000000000001001100
000000000000000000000011001100
000000000000000000000011111110
000000000000000000000000001100
000000000000000000000000001100
_3
000000000000000000000001111100
000000000000000000000000001100
000000000000000000000000011000
000000000000000000000000010000
000000000000000000000000111000
000000000000000000000000000100
000000000000000000000011000100
000000000000000000000001000100
000000000000000000000000111000
_2
000000000000000000000000111000
000000000000000000000001001100
000000000000000000000001000100
000000000000000000000000000100
000000000000000000000000001000
000000000000000000000000110000
000000000000000000000001100000
000000000000000000000001000000
000000000000000000000011111100
_1
000000000000000000000000100000
000000000000000000000000100000
000000000000000000000011100000
000000000000000000000000100000
000000000000000000000000100000
000000000000000000000000100000
000000000000000000000000100000
000000000000000000000000100000
000000000000000000000000100000
_0
000000000000000000000001111000
000000000000000000000011001000
000000000000000000000010000100
000000000000000000000010000100
000000000000000000000010000100
000000000000000000000010000100
000000000000000000000010000100
000000000000000000000011001000
000000000000000000000001111000
_/
000000000000000000000000001000
000000000000000000000000001000
000000000000000000000000010000
000000000000000000000000010000
000000000000000000000000100000
000000000000000000000000100000
000000000000000000000001000000
000000000000000000000001000000
000000000000000000000010000000
_.
000000000000000000000010000000
000000000000000000000011000000
_-
000000000000000000000011100000
_,
000000000000000000000011000000
000000000000000000000011000000
000000000000000000000001000000
000000000000000000000010000000
_+
000000000000000000000000100000
000000000000000000000000100000
000000000000000000000000100000
000000000000000000000011111000
000000000000000000000000100000
000000000000000000000000100000
_*
000000000000000000000001000000
000000000000000000000001010000
000000000000000000000011110000
000000000000000000000001100000
000000000000000000000010100000
_)
000000000000000000000010000000
000000000000000000000001000000
000000000000000000000001000000
000000000000000000000000100000
000000000000000000000000100000
000000000000000000000000100000
000000000000000000000000100000
000000000000000000000000100000
000000000000000000000000100000
000000000000000000000001000000
000000000000000000000001000000
000000000000000000000010000000
_(
000000000000000000000000100000
000000000000000000000001000000
000000000000000000000010000000
000000000000000000000010000000
000000000000000000000010000000
000000000000000000000010000000
000000000000000000000010000000
000000000000000000000010000000
000000000000000000000010000000
000000000000000000000010000000
000000000000000000000001000000
000000000000000000000000100000
_'
000000000000000000000010000000
000000000000000000000010000000
000000000000000000000010000000
000000000000000000000010000000
_&
000000000000000000000001110000
000000000000000000000011001000
000000000000000000000011001000
000000000000000000000001010000
000000000000000000000001100010
000000000000000000000011010010
000000000000000000000010001100
000000000000000000000010011100
000000000000000000000001110010
_%
000000000000001110001000000000
000000000000001001001000000000
000000000000001001010000000000
000000000000001110100000000000
000000000000000000100000000000
000000000000000001011100000000
000000000000000010010110000000
000000000000000010010110000000
000000000000000100011100000000
_$
000000000000000000000000100000
000000000000000000000000110000
000000000000000000000011111000
000000000000000000000010101000
000000000000000000000011100000
000000000000000000000001111000
000000000000000000000000101100
000000000000000000000010101100
000000000000000000000011101000
000000000000000000000001110000
000000000000000000000000100000
_#
000000000000000000000000100100
000000000000000000000000100100
000000000000000000000000100100
000000000000000000000011111111
000000000000000000000000100100
000000000000000000000000101000
000000000000000000000011111110
000000000000000000000001001000
000000000000000000000001001000
_"
000000000000000000000010100000
000000000000000000000010100000
000000000000000000000010100000
000000000000000000000010100000
_!
000000000000000000000011000000
000000000000000000000011000000
000000000000000000000011000000
000000000000000000000011000000
000000000000000000000010000000
000000000000000000000010000000
000000000000000000000000000000
000000000000000000000010000000
000000000000000000000011000000
_ 

